Observed messages from cell group module to first cell module (chronologic)
~~~~~~~~~~~~~~~~~~~~~~~~~~~~~~~~~~~~~~~~~~~~~~~~~~~~~~~~~~~~~~~~~~~~~~~~~~~

A   11100000 00000000 10101010 10110000 11011110 00101101 11010000 00011000 10101111  start message

B   11100000 00000000 10101010 10110010 00011110 01101111 11000111 01111011 10011111  balance instruction

C   11100000 00000000 10101010 10110110 00011110 01000100 11011111 11111000 00000011  ??

D   11100000 00000000 10101010 10110100 00001110 01111101 11111111 11111111 11111111  voltage request

E   11100000 00000000 10101010 10110001 00001110 10011100 11111111 11111111 11111111  ??

F   11100000 00000000 10101010 10110110 00001110 11101000 11111111 11111111 11111111  ??

G   11100000 00000000 10101010 10110100 00001110 01111101                             temperature request???


Start message responses (A yields B, B yields C, )
~~~~~~~~~~~~~~~~~~~~~~~~~~~~~~~~~~~~~~~~~~~~~~~~~~

A 11100000 00000000 10101010 10110000 11011110 00101101 11010000 00011000 10101111
B 11100000 00000000 10101010 10110000 11011110 00101101 11111111 11111111 11111111 11111 00100000 01110100 10101111
C 11100000 00000000 10101010 10110000 11011110 00101101 11111111 11111111 11111111 11111111 11111111 11111111 11111111 01100000 01110101 11110111


Voltage request responses
~~~~~~~~~~~~~~~~~~~~~~~~~

    11100000 00000000 10101010 10110100 00001110 01111101 11111111 11111111 11111111
  responses------------------------------------------------------------------------- volt   lsb

                                                          11100000 00001110 00000000 2V00   0
                                                          11100000 00001110 00000000 2v10   0
                                                          11100101 00001110 11110000 2v11   240
                                                          11100101 00001110 11110000 2v12   240
                                                          11101011 00001110 10000100 2v13   132
                                                          11101011 00001110 10000100 2v14   132
                                                          11100111 00001110 00111010 2v15   58
                                                          11101111 00001110 00010001 2v15   17
                                                          11101111 00001110 00010001 2v15   17
                                                          11101111 00001110 00010001 2v16   17
                                                          11101111 00001110 00010001 2v17   17
                                                          11100100 10001110 00100111 2v18   39
                                                          11100100 10001110 00100111 2v19   39
                                                          11101001 00001110 01001110 2v20   78
                                                          11100100 10001110 00100111 2v21   39
                                                          11101010 10001110 01010011 2v22   78
                                                          11100110 10001110 11101101 2v23
                                                          11100110 10001110 11101101 2v23
                                                          11101010 10001110 01010011 2v24
                                                          11100001 10001110 11010111 2v25
                                                          11101110 10001110 11000110 2v26
                                                          11100101 10001110 01000010 2v27
                                                          11101101 10001110 01101001 2v28
                                                          11101101 10001110 01101001 2v29
                                                          11101011 10001110 00110110 2v30
                                                          11100110 00101110 11110011 2v70   E62EF3
                                                          11100110 00101110 11110011 2v70   E62EF3
                                                          11100110 00101110 11110011 2v71   E62EF3
                                                          11100001 00101110 11001001 2v72   E12E
                                                          11101001 00101110 11100010 2v73
                                                          11101001 00101110 11100010 2v74
                                                          11101001 00101110 11100010 2v74
                                                          11101001 00101110 11100010 2v75
                                                          11100011 00101110 00000011 2v76
                                                          11101011 10101110 01010000 2v90   EBAE50
                                                          11101011 01101110 01110001 3v10   EB6E71
                                                          11101011 01101110 01110001 3v10   EB6E71
                                                          11100001 11101110 00100010 3v20
                                                          11101011 11101110 11000011 3v25
                                                          11100111 11101110 01111101 3v27
                                                          11100111 11101110 01111101 3v28
                                                          11100000 00011110 01010110 3v29
                                                          11101001 01011110 01000001 3v30
                                                          11101010 10011110 00000101 3v50
                                                          11101110 00111110 10001110 4v00
                                                          11100101 11111110 11100001 4v50